2013 151 217.08
2013 152 217.08
2013 153 217.08
2013 154 217.06
2013 155 217.06
2013 156 217.08
2013 157 217.07
2013 158 217.06
2013 159 217.08
2013 160 217.06
2013 161 217.06
2013 162 217.06
2013 163 217.08
2013 164 217.08
2013 165 217.07
2013 166 217.07
2013 167 217.07
2013 168 217.07
2013 169 217.08
2013 170 217.10
2013 171 217.14
2013 172 217.18
2013 173 217.23
2013 174 217.31
2013 175 217.38
2013 176 217.38
2013 177 217.43
2013 178 217.53
2013 179 217.54
2013 180 217.54
2013 181 217.54
2013 182 217.54
2013 183 217.54
2013 184 217.55
2013 185 217.58
2013 186 217.64
2013 187 217.69
2013 188 217.75
2013 189 218.00
2013 190 218.18
